0.98763758 
0.96034059 
0.95698545 
0.92790876 
0.91785434 
0.923724
0.94318412 
0.899249   
0.96685044 
0.8003728  
0.69476941 
0.93250919
0.93957292 
0.97473613 
0.83323325 
0.94219467 
0.91785434 
0.9760528
0.92400902 
0.87066132 
0.82713813 
0.97228451 
0.99193568 
0.9997777
0.9359836  
0.95476245 
0.85565211 
0.80365391 
0.80413433 
0.99825222
0.90588784 
0.9449065  
0.87832147 
0.87263253 
0.91918865 
0.99757386
0.9760528  
0.93613447 
0.87052083 
0.90717452 
0.99003028 
0.78972837
0.90658867 
0.90717452 
0.99338101 
0.81364164 
0.96411216 
0.9776971
0.731284   
0.99932995 
0.95063055 
0.86259032 
0.92710384 
0.86761297
0.9988352  
0.91113933 
0.99382854 
0.958896   
0.87066132 
0.94825572
0.69124495 
0.95698545 
0.97987123 
0.98297617 
0.94288714 
0.98754887
0.96705923 
0.94440431 
0.99613848 
0.90162505 
0.93250919 
0.84138989
0.78972837 
0.99373092 
0.83585588 
0.83704172 
0.98458006 
0.95346418
0.97072664 
0.9565252  
0.95861856 
0.99939696 
0.98754887 
0.97495565
0.98986714 
0.9806072  
0.87837985 
0.99487799 
0.99658105 
0.90008546
0.84853401 
0.958896   
0.83704172 
0.91409726 
0.97547194 
0.923724
0.9635191  
0.73109499 
0.94983844 
0.98040279