6.50158757 
7.74672918 
7.39451642 
6.06799179 
7.83215111 
7.96619747
4.88698428 
8.16972874 
8.69990318 
8.05140614 
6.95152896 
7.20860253
7.44569596 
6.6777154
6.66300394 
7.38291143 
7.75190559 
7.20618247
7.41329446 
6.89787523 
7.35222429 
5.83108344 
7.47869309 
7.8569818
6.33684272 
9.00459406 
7.20860253 
7.55363309 
8.57755055 
7.35587548
 7.62879932 
7.74093254 
7.26389556 
7.77755733 
7.16047494 
7.09669851
7.1560307 
6.94219661
7.74370519 
7.66709507 
7.3171268 
6.73473854
9.1948885
7.16623558 
7.64046818 
8.17162056 
7.35587548 
6.01481896
6.93743845 
6.1639538
7.47169473 
7.16047494 
8.69990318 
7.5116343
8.32242867 
8.40334912 
8.86496127 
8.19776925 
8.05377387 
7.68185976
4.78730184 
7.38409154 
6.94093525 
6.93167717 
6.90710585 
7.54196596
6.96476325 
7.52434592 
7.56491595 
7.51502189 
7.99995214 
8.03271208
7.85204554 
7.39791166 
5.2893453
8.36841711 
7.49732359 
7.52434592
7.74093254 
8.52307469 
6.87210155 
7.55569169 
6.61682939 
7.25409488
8.51131216 
6.62723916 
8.05658809 
6.22880409 
5.78602655 
7.19417987
6.75797056 
6.78796308 
8.20973773 
7.24433583 
7.09508745 
5.61579575
7.30226342 
8.1136002
6.59176211 
7.59681061