4.62710375  
4.96162599
4.95257781
5.4458443
4.56248186
4.10027705 
6.57481755
2.59351243
7.03716515  
2.68313569       
4.56248186       
4.68730812  
3.987338
4.25444374  
5.50792806  
4.72318728  
3.21181249  
9.8974987    
4.73698111  
8.04690958  
6.44800742  
4.0672374   
7.1674848   
5.07294007
7.26428714  
7.26360822  
6.22066533  
6.742423    
3.93478355  
2.90934869
3.39682551  
4.57841086  
5.91140286  
7.6191941   
5.64352102  
2.0091608
4.91117952  
3.46432358  
6.07705487  
5.7105771   
6.26764867  
5.94177119
3.25162479  
5.02064825  
2.96225319 
11.93098115  
5.83316067  
5.48297198
6.80041682  
3.15266044  
6.40573061  
6.7817517   
4.84565807  
5.68768239
7.73206522  
6.26764867  
6.54255453  
7.01770969  
7.85157529  
3.70569366
4.83672312  
8.07197419  
5.58459004  
5.16755008  
6.26764867  
6.06059025
9.7579096   
7.4717351   
4.83672312  
3.90572793  
5.54883555  
9.8974987
4.02730598  
3.01399412  
7.23666809  
4.4285892   
7.6170823   
4.12030842
5.26595682  
3.27929881  
6.17482248  
3.25162479  
7.02419042  
6.74713237
5.17487073  
7.00776916  
9.5208264   
5.57480988  
4.10027705  
5.94769269
7.6191941   
4.91289435  
8.57545857  
4.0672374   
5.48323818  
2.70968186
2.90934869  
5.48104133  
4.72318728 
10.34348042